50
1
3
1
2
4
7 3 8 4
4
7 4 8 4
5
4 1 3 5 1
10
3 5 2 6 7 4 2 1 2 1
11
5 6 8 3 3 8 2 6 1 9 3
10
9 1 3 4 10 9 8 4 10 3
11
18 18 5 10 13 1 14 12 9 3 11
11
21 12 10 25 6 10 17 24 20 13 18
20
14 13 11 4 11 14 12 5 9 4 2 3 11 10 4 2 13 11 11 2
20
7 1 10 8 1 14 21 16 20 10 23 3 4 16 11 21 23 25 18 4
21
4 11 3 8 9 21 28 23 8 21 9 25 1 10 16 30 15 25 24 6 18
20
16 25 28 29 23 20 14 18 18 17 21 6 6 4 20 35 13 1 19 13
21
33 29 28 20 10 36 8 27 39 17 30 8 17 22 9 37 27 20 24 2 13
50
1 2 8 8 3 9 4 10 1 2 7 8 2 4 2 5 8 9 1 5 9 3 9 4 5 2 6 1 3 5 10 2 1 9 8 10 10 10 1 3 7 2 4 5 1 8 1 8 5 4
51
13 10 9 11 5 13 3 10 2 20 15 13 18 10 7 11 11 14 11 7 6 18 12 4 19 20 12 11 8 18 3 18 2 5 4 15 8 14 3 20 10 20 9 15 13 8 20 1 7 2 1
51
17 1 29 19 23 3 5 22 8 13 25 18 10 11 9 4 20 28 8 14 27 23 24 16 14 4 23 29 2 28 2 30 16 7 27 18 17 3 22 25 30 3 7 21 18 4 19 18 4 17 6
50
30 37 6 11 5 8 20 10 36 4 6 23 10 4 38 37 5 31 29 8 21 1 25 6 29 2 9 38 13 14 27 29 19 20 19 30 35 27 23 9 36 10 40 40 13 22 36 14 9 17
51
18 50 10 19 37 20 3 19 37 5 6 35 30 8 47 30 32 40 8 47 26 45 11 29 3 45 24 4 49 31 10 33 36 26 30 1 42 45 30 20 11 36 17 47 45 35 34 44 20 49 2
100
14 3 4 13 19 16 15 17 18 18 5 16 9 9 20 2 18 17 5 13 4 4 10 8 8 11 10 13 17 6 16 1 2 18 20 5 19 15 10 15 15 11 9 13 1 10 19 5 16 6 9 14 7 2 13 6 1 18 14 12 8 20 12 8 9 10 13 5 15 11 4 19 5 11 3 9 14 19 18 4 13 20 18 4 2 14 7 3 13 12 13 8 9 15 12 17 18 12 7 20
101
21 16 29 24 27 11 20 8 20 16 9 12 2 15 26 7 12 5 10 29 16 29 13 11 19 22 11 5 22 30 26 11 9 2 9 24 22 19 11 22 22 23 12 28 5 17 16 5 13 9 18 3 20 4 1 24 7 25 2 26 29 13 22 7 4 21 29 8 17 30 15 28 23 7 13 21 9 12 23 27 1 18 14 2 24 10 18 22 14 9 24 30 23 14 18 14 8 29 23 11 11
100
16 40 2 8 37 3 36 26 2 22 14 11 21 20 17 6 35 31 13 2 17 22 31 1 2 8 17 20 27 23 3 23 37 40 17 25 11 27 20 39 21 14 22 18 20 6 16 5 24 25 38 3 14 38 6 1 37 30 28 40 11 15 10 38 35 38 6 5 35 13 36 12 11 21 14 12 16 14 25 14 9 12 26 11 17 4 33 36 31 40 21 35 19 15 23 26 18 9 27 11
101
33 45 33 33 32 40 37 10 37 5 19 40 46 50 33 12 13 2 37 34 21 46 26 50 47 32 16 27 49 40 11 40 48 16 28 13 7 25 14 3 46 43 40 47 40 26 35 2 50 41 40 30 2 29 28 19 38 1 50 19 32 9 3 46 4 39 5 30 28 1 13 7 6 41 25 45 30 45 13 9 8 40 26 20 38 14 18 31 35 16 40 4 18 5 19 9 23 10 43 1 35
101
14 32 16 58 40 20 60 39 27 46 39 40 27 10 58 25 35 18 53 11 27 35 25 29 19 26 37 48 4 25 47 45 41 59 26 14 10 48 5 5 4 58 15 55 17 41 33 45 13 9 19 31 25 38 26 38 59 27 53 12 34 51 23 57 60 8 25 32 5 36 1 34 17 34 38 30 1 52 44 55 46 54 18 50 43 44 26 19 20 24 49 36 19 22 4 35 49 59 14 25 56
200
35 39 28 16 22 12 10 40 25 32 18 31 14 35 27 2 9 33 31 23 21 9 26 30 30 22 10 7 16 5 1 4 40 32 8 40 1 19 15 9 27 30 35 34 39 18 23 4 37 23 14 30 25 4 7 27 20 25 35 35 39 18 19 4 21 29 21 18 33 22 16 4 38 40 5 25 6 31 34 27 37 3 1 12 39 16 6 14 38 4 1 7 24 17 8 36 1 27 1 29 30 12 22 26 2 7 33 20 11 1 11 15 7 14 24 30 12 19 13 8 21 8 37 2 36 1 23 29 4 21 4 17 6 14 40 18 31 2 31 1 7 25 26 23 37 24 34 22 33 6 12 8 2 21 14 36 33 3 33 37 30 2 23 6 34 28 7 4 21 11 30 10 24 31 40 11 29 1 24 11 30 1 28 14 20 3 37 38 25 15 21 39 31 9 2 37 34 14 2 24
199
25 42 9 32 13 10 37 12 26 6 18 41 13 22 24 7 10 27 22 28 44 8 6 34 20 19 27 37 32 43 31 19 35 8 31 45 34 30 43 31 14 8 45 35 5 13 2 20 42 13 7 7 3 12 2 29 25 43 30 34 33 45 33 50 18 37 4 18 30 14 45 19 19 13 33 11 6 9 20 17 21 40 21 11 24 15 19 13 9 28 37 33 13 28 3 42 13 40 24 38 32 31 11 4 2 12 2 28 49 39 32 13 36 24 23 11 19 18 16 27 39 38 14 14 27 20 21 20 47 1 20 31 12 11 42 23 48 10 32 48 22 26 22 45 22 8 11 35 33 30 37 17 2 29 28 21 14 27 29 32 25 6 18 5 29 45 26 13 34 3 3 19 22 8 26 5 35 31 44 7 9 39 6 30 28 41 6 37 46 30 35 10 40 32 11 8 35 4 10
200
17 30 13 17 22 50 22 31 23 10 5 18 19 54 4 7 42 32 60 28 28 40 19 28 46 50 8 24 47 14 31 30 36 12 23 31 48 60 55 57 11 51 33 51 49 11 37 13 38 22 6 39 23 14 16 24 8 17 37 2 4 28 41 39 8 50 24 51 7 48 27 41 49 26 45 44 59 59 3 23 10 14 38 54 32 17 41 22 3 7 46 10 43 9 49 25 43 24 46 44 19 45 14 8 48 52 34 19 59 22 55 25 43 22 45 43 13 54 13 43 25 3 32 26 14 25 2 34 54 3 39 10 39 27 53 32 54 49 50 42 18 42 40 35 35 54 42 52 39 21 60 37 4 6 34 5 12 29 9 15 57 55 54 49 33 59 47 46 33 20 11 19 56 60 18 53 26 7 13 55 42 5 27 29 33 16 32 3 52 45 44 56 4 16 24 1 11 49 44 11
199
21 2 26 32 22 60 22 27 7 54 54 42 32 35 63 14 52 41 45 35 15 70 63 52 40 26 6 50 25 11 68 33 48 9 61 68 6 1 10 21 52 6 9 29 4 31 11 61 12 2 22 53 40 23 28 23 14 46 34 23 27 32 54 22 1 53 39 44 36 50 24 68 49 1 25 31 59 1 3 11 22 21 2 44 42 18 54 55 23 58 9 7 25 30 17 44 6 29 55 44 28 44 61 38 38 61 69 60 23 64 60 63 46 68 44 2 70 46 4 19 3 11 60 67 29 12 4 67 66 13 39 65 10 69 65 62 69 29 51 38 62 51 18 2 33 46 49 57 34 20 27 11 50 48 33 43 26 36 52 8 41 69 34 6 11 56 43 22 70 69 33 69 13 37 2 28 55 21 14 23 2 19 1 41 57 21 51 23 48 63 21 56 23 63 39 16 56 47 23
199
77 1 31 40 67 67 12 1 37 43 67 48 57 31 48 36 33 49 25 24 55 54 52 60 46 37 73 54 70 14 57 4 49 78 15 37 4 48 69 41 16 37 27 39 65 72 36 62 22 75 65 45 2 6 34 6 34 34 25 48 33 32 2 45 72 31 1 12 74 62 42 64 47 30 6 32 31 12 20 16 18 62 15 79 54 60 15 18 16 1 34 18 38 65 60 2 60 13 13 68 29 53 18 12 13 46 78 20 61 4 59 50 15 17 11 55 58 63 36 57 48 43 43 35 30 26 32 27 67 32 75 53 21 46 53 6 65 76 75 44 65 24 78 60 3 29 46 75 23 40 40 33 25 71 77 75 16 3 37 64 70 47 68 7 26 33 28 23 2 65 19 14 52 79 71 6 7 58 63 37 53 46 19 20 36 78 63 2 70 19 4 9 61 35 79 18 3 5 78
20
7 4 10 12 9 3 11 1 14 6 7 15 15 2 4 6 5 12 13 10
20
21 20 23 6 15 8 11 7 15 20 23 12 9 6 5 16 4 16 21 2
21
7 17 4 8 20 25 13 30 13 22 30 4 24 28 11 26 7 16 5 19 1
20
26 19 23 34 20 35 17 9 21 13 6 18 12 23 12 31 4 10 20 2
21
32 22 11 33 32 27 38 34 33 32 26 27 34 21 39 24 36 27 19 11 27
50
4 4 10 8 1 5 9 9 7 9 5 10 6 10 4 7 5 10 3 1 6 5 5 10 5 4 7 6 9 7 4 10 3 3 7 8 8 1 9 2 8 2 8 3 8 2 10 6 9 9
51
10 9 11 6 8 7 2 8 20 2 13 1 6 17 12 14 3 17 20 5 5 1 3 5 7 17 13 19 16 11 5 18 10 16 12 19 16 6 18 4 20 1 19 6 11 12 7 12 14 14 13
51
18 30 30 19 25 6 27 2 14 19 29 6 4 12 26 23 7 2 1 22 1 11 18 16 16 9 19 10 11 12 30 18 5 13 3 21 2 9 11 9 25 26 6 8 11 27 13 24 11 5 28
50
21 3 12 19 27 14 4 8 12 23 10 23 15 38 35 30 20 18 25 30 30 28 9 25 24 4 20 38 6 20 4 26 14 13 2 17 15 7 13 30 17 13 21 39 21 15 40 13 14 1
50
19 7 16 27 23 10 12 44 28 44 10 34 41 35 25 3 35 37 5 26 19 39 8 40 38 34 7 16 10 26 20 50 12 48 25 33 21 17 37 35 3 35 37 50 17 32 20 42 20 35
100
5 3 7 1 18 11 13 18 12 16 8 7 17 9 12 13 18 16 4 11 2 12 5 2 10 12 10 6 20 10 11 3 10 14 1 8 1 15 6 12 17 10 9 1 10 2 20 9 7 8 20 7 11 4 13 15 13 11 15 1 8 3 19 4 19 3 2 14 1 20 15 18 4 1 19 12 7 13 6 12 13 10 19 18 4 12 4 9 11 7 4 6 19 2 13 15 20 8 5 15
101
28 25 21 25 18 4 25 5 1 10 30 3 21 4 2 18 5 27 30 13 16 17 10 11 18 26 12 18 18 1 9 8 29 8 20 5 28 4 10 2 12 25 25 28 9 27 5 7 2 24 21 26 6 30 19 27 21 14 26 23 30 26 29 26 7 5 11 30 7 2 18 21 10 13 29 1 23 30 9 14 8 6 7 24 8 11 8 11 27 8 5 25 27 6 15 26 9 5 25 9 30
100
16 8 12 28 3 26 21 7 36 15 32 32 39 24 28 12 10 29 25 16 30 5 4 35 26 30 15 7 26 38 12 28 3 33 35 14 27 27 2 24 31 24 29 40 5 10 38 5 19 36 22 6 23 37 13 5 16 14 15 29 5 31 8 39 13 7 17 35 30 19 26 5 26 9 18 6 39 5 22 29 22 28 30 13 39 39 22 33 34 18 36 5 25 22 13 14 4 3 29 13
101
35 48 29 14 30 24 4 22 35 33 36 50 18 40 50 28 19 40 26 42 17 27 37 7 42 1 32 3 28 23 13 48 42 46 12 39 30 24 23 33 48 20 44 30 29 43 24 6 23 12 44 23 12 35 32 23 37 16 13 33 47 4 3 25 5 5 31 47 9 8 20 16 21 30 22 20 47 44 25 14 2 1 27 15 44 35 24 33 25 45 7 42 27 31 5 3 45 36 33 24 20
101
8 8 30 60 21 25 45 51 27 40 4 4 56 56 47 45 23 47 48 26 57 39 51 9 9 43 35 8 35 60 28 7 7 56 53 12 15 55 7 20 34 5 26 20 43 35 53 23 49 12 17 30 48 2 27 33 12 29 45 44 4 12 19 3 41 56 26 1 20 1 10 19 54 42 26 50 27 39 41 50 50 20 30 30 38 37 18 16 35 8 33 23 38 47 30 2 19 26 32 19 30
200
32 36 35 18 19 9 13 15 31 33 31 1 16 40 38 2 35 14 1 4 27 27 7 20 10 37 24 4 27 23 16 17 8 4 25 20 39 37 7 12 27 40 18 36 16 34 8 1 30 13 2 24 10 37 32 29 33 23 38 38 15 12 25 9 32 29 37 36 36 15 9 28 32 33 30 7 18 35 11 13 21 9 36 28 22 16 12 36 14 9 1 12 10 4 15 10 39 38 16 32 2 6 34 21 39 12 33 25 7 11 31 13 8 2 17 18 8 13 20 10 9 17 16 20 12 15 11 11 39 16 17 25 25 11 27 32 7 35 13 18 8 28 5 17 22 23 24 25 6 28 39 21 34 31 11 31 4 30 20 4 30 18 8 23 24 21 26 21 10 11 25 33 18 4 3 1 40 40 26 9 32 28 37 14 24 4 34 14 11 1 19 37 5 5 22 35 32 37 25 29
199
38 36 40 29 39 39 8 33 41 13 17 29 32 29 39 14 28 11 22 35 49 38 15 50 47 46 44 18 14 26 44 9 31 50 35 48 23 6 22 40 43 47 32 39 19 41 41 5 25 10 2 4 35 13 27 3 24 16 6 27 26 14 11 16 50 48 1 14 10 20 14 7 9 19 28 49 18 9 34 49 14 20 42 21 5 28 43 26 17 33 19 28 20 14 30 39 11 9 17 23 2 6 15 12 32 46 45 28 3 25 24 10 40 36 34 24 8 33 28 16 47 14 44 1 4 40 21 49 17 9 47 25 36 16 21 39 27 42 21 40 3 8 27 41 20 15 31 43 43 50 15 23 6 33 12 17 14 1 18 30 32 2 3 10 12 32 14 36 49 13 11 43 22 4 27 48 43 43 5 37 40 4 48 15 47 29 1 15 22 48 37 42 10 39 31 48 36 49 22
200
17 51 17 31 37 6 50 25 60 42 24 40 33 42 53 16 41 52 50 19 56 26 1 29 11 32 3 53 57 4 50 51 16 31 35 48 50 4 4 55 29 10 48 33 8 31 39 8 43 6 31 15 21 24 3 5 15 34 11 35 12 10 8 43 59 21 57 38 45 12 2 8 8 57 57 19 15 27 35 17 34 25 4 38 4 16 12 41 23 56 59 21 36 52 24 4 52 56 39 39 50 46 45 40 30 20 55 36 1 41 1 59 50 34 8 6 16 7 50 20 37 38 2 52 55 11 6 33 25 24 51 18 60 55 20 20 47 54 59 5 39 43 9 55 23 52 11 25 15 60 36 2 2 27 1 6 2 54 19 24 43 38 27 6 9 55 24 2 2 4 48 31 57 6 56 55 20 4 45 26 43 32 19 2 6 39 58 5 17 34 49 12 14 10 58 45 43 1 47 31
198
58 13 28 39 17 61 27 26 46 70 69 67 11 9 28 48 41 67 33 43 10 46 55 9 8 67 59 58 9 68 11 28 48 34 8 40 59 38 22 7 42 57 31 22 27 44 1 69 59 41 1 54 68 5 28 17 2 28 67 13 52 42 8 59 66 37 43 32 62 21 46 8 46 37 61 21 14 60 16 1 19 18 59 15 39 45 52 40 56 63 70 62 68 63 30 16 46 33 67 6 39 44 24 29 10 56 63 4 48 70 20 40 42 37 57 34 59 11 38 62 30 3 4 47 17 24 23 38 32 33 61 37 12 27 34 1 58 51 54 19 55 35 70 45 36 64 68 38 43 54 13 1 19 36 64 66 12 55 59 10 31 12 36 47 13 17 19 5 20 17 14 66 68 48 51 22 25 14 27 11 8 45 59 65 29 22 69 53 43 57 10 18 34 53 4 1 22 29
199
22 4 58 69 30 32 67 47 30 78 9 17 44 51 9 51 21 45 61 67 28 49 19 45 64 20 43 59 62 62 1 30 39 60 13 30 52 54 39 62 70 16 30 36 2 36 26 56 78 15 80 42 53 75 71 73 17 62 73 49 74 33 12 53 25 35 2 78 50 15 61 2 18 43 71 40 4 18 17 59 11 69 26 13 75 45 51 46 8 52 48 29 36 5 1 15 35 17 66 29 34 52 64 50 23 71 30 22 42 39 38 53 20 54 67 20 7 80 78 68 62 48 40 7 70 4 56 35 30 78 37 37 75 13 39 55 15 44 25 5 26 41 49 61 66 57 35 38 79 10 2 34 58 57 72 38 39 37 41 73 16 35 35 59 37 19 73 41 33 66 16 46 30 34 73 60 11 24 65 11 77 20 69 17 36 22 74 19 48 79 59 26 68 22 4 58 57 12 15
