50
2 2
1 2
1 2
3 8
1 2
1 3
4 8
2 2
1 1
2 2
3 4
1 2
1 2
4 4
3 5
1 5
2 2
2 3
3 8
1 5
3 7
1 6
3 9
1 2
4 5
4 9
3 10
1 9
1 6
1 7
3 20
11 12
12 19
3 4
3 30
16 28
6 22
1 29
4 15
8 10
4 5
7 10
5 11
4 25
5 9
7 15
8 14
6 19
4 30
10 30
14 26
7 10
17 18
4 30
9 11
4 11
2 27
10 27
4 30
6 6
9 14
4 24
12 28
5 10
2 8
1 8
3 3
4 7
4 6
5 20
3 20
7 9
12 14
3 10
9 9
5 30
3 20
3 24
14 15
15 28
1 23
5 30
4 24
6 27
2 6
6 21
4 22
5 30
10 15
5 17
2 11
2 14
2 30
6 20
5 18
1 7
7 14
10 19
5 13
8 17
6 30
3 20
1 27
11 21
8 24
3 30
19 30
6 30
3 9
4 20
9 26
3 16
17 22
16 26
6 30
13 15
9 18
3 12
6 29
1 9
12 30
6 30
5 16
4 6
3 28
2 25
6 23
19 23
6 30
11 12
10 30
18 26
11 29
7 20
19 26
6 30
15 26
9 16
12 12
9 24
18 18
10 17
6 30
11 20
8 22
2 29
9 23
9 21
5 7
6 30
1 24
1 9
1 23
7 15
5 16
3 9
6 30
10 18
9 29
15 24
5 26
4 20
14 27
4 15
4 6
6 15
3 15
3 15
4 25
1 19
6 8
5 25
3 23
4 30
15 20
14 21
9 27
12 27
4 30
2 13
21 30
5 27
8 26
4 30
7 21
2 12
3 25
9 26
5 10
6 9
4 7
3 8
4 4
3 9
5 20
1 20
2 18
3 20
14 19
9 12
5 30
7 22
22 25
4 20
8 24
9 14
5 30
14 18
4 18
6 28
2 7
4 15
5 30
16 18
4 15
12 20
8 27
5 18
6 20
4 13
3 19
7 17
5 17
4 16
7 19
6 30
10 14
4 25
14 22
14 20
6 24
2 27
6 30
1 15
15 29
1 27
20 27
2 22
8 27
6 30
9 11
1 26
8 24
21 23
8 9
1 15
6 30
1 19
1 24
13 16
6 30
12 15
4 29
6 30
20 22
3 27
4 6
6 25
7 19
12 20
6 30
11 28
16 17
6 26
3 21
2 14
7 28
6 30
11 23
1 30
6 26
5 7
3 12
2 9
6 30
11 25
5 12
10 14
16 30
7 21
19 20
6 30
4 17
3 23
10 29
1 6
5 30
12 22
