8
1 3
1 2 1
5 5
2 2 2 2 2
2 1 1 1 2
2 1 100 1 2
2 1 1 1 2
2 2 2 2 2
4 3
2 1 2
1 1 1
1 1 1
2 1 2
3 4
2 1 1 2
1 1 1 1
2 1 1 2
3 3
2 1 2
1 1 1
2 1 2
3 5
2 1 2 2 1
1 1 1 1 1
2 1 2 2 1
20 10
20 50 40 50 40 50 50 10 35 50
20 50 40 50 40 50 50 10 35 50
20 50 40 50 40 50 50 10 35 50
15 15 15 15 15 15 15 10 15 15
20 50 40 50 40 50 50 10 35 50
20 30 30 30 30 30 30 10 30 30
20 50 40 50 40 50 50 10 35 50
20 25 25 25 25 25 25 10 25 25
20 50 40 50 40 50 50 10 35 50
20 25 25 25 25 25 25 10 25 25
20 50 40 50 40 50 50 10 35 50
15 15 15 15 15 15 15 10 15 15
20 50 40 50 40 50 50 10 35 50
20 10 10 10 10 10 10 10 10 10
20 30 30 30 30 30 30 10 30 30
10 10 10 10 10 10 10 10 10 10
20 50 40 50 40 50 50 10 35 50
20 50 40 50 40 50 50 10 35 50
20 50 40 50 40 50 50 10 35 50
20 40 40 40 40 40 40 10 40 40
7 7
2 2 2 2 2 3 2
2 1 1 1 2 3 1
2 1 2 1 2 4 2
2 1 1 3 2 4 2
2 2 2 2 2 4 2
2 2 2 2 2 4 2
2 2 2 2 2 4 2