100
1
3
1
15
62715776727218195133408085515035589689906492145675 47507309558346438027001802968648225982955547065278 68495036901517034880699478165934489283969088848593 50299339702573527270672145807283202914382247233493 47310234945027534452275333003072106191136388821069 55204714110867556904860561756355734091615887214160 77340600066116723500418396672339084845490931462045 33318809248536011245117157622190005980131727603413 28456836063890635891960592378307595935127286743799 97952230787382395728904805973485941357539522296083 21545109508256255254838903223191974334669838013975 26746588112056278734593782141899569522138233825189 80730540745444077433831932502624597158220889643369 52449158994222345903402696575794214028037282225894 50634201877068560504076862551754941560682481258556
1
7
1824 37 3677 5766 5029 79 31806
7
12
20 541 98814 9452 8796 490 3 43 5620 941 9547 43
10
7
84 95877 81817 19 5549 3 98
3
9
330 2 35 47 65119 68 5427 8279 208
2
6
641 87 5839 8558 182 7086
2
10
14 6 5 676 52 9 89 1320 67 4
4
3
7 6028 81
8
3
63692 339 5362
7
1
1803
5
8
18 9796 969 107 57 5 90632 84
8
14
24377 9 62831 9976 77930 35689 1356 998 736 71 6 22 6241 5908
4
11
1 1 6 91 7 38430 59766 2 50198 21262 845
8
7
16 74580 5946 91 7 48506 1718
3
5
5503 42 4395 6 748
10
15
248 2391 554 486 39 7 7343 5 85 129 59148 3268 50 1601 6
6
6
45297 74 48 8 6 88
8
1
28
7
3
15 8 4
10
13
2137 103 5 2 25 49 55 29 65 8 51 5771 786
8
5
88 956 462 738 33
6
13
77 3 77023 16 1554 81709 8 960 385 95542 9994 4687 95773
5
4
5 461 48 19955
8
13
44836 300 80 9 2 410 268 86 89 67952 80 4353 136
5
1
74262
3
8
6 33639 8 24 82 4 95249 733
5
5
4848 4247 9 137 505
3
13
99667 56 64231 8 66 6327 9 88313 5656 465 196 4 954
7
15
18717 6 9168 4337 15 6 811 196 894 45 4887 38 291 64757 40094
3
1
909542940069134
33
9
449533446606116044278390821420 4766524133018 65921497972121 3689101993595339662038181838747616726 4177461139347915277955850730516998048180 8727218289972159131947477 2818189201100 7743142064003851249721559 724897451
86
8
357489243234897247886550 2978708992736570058669497953575736530 283957541215001892285036368001648058163 44518418058 5413692705 84415 66705994609998515816285378138284171 546782461799424094789226950281330047268
56
15
5805477026633463903802522307565410126783 494898380100698325161 200129753635835260 38956894526 427657961545934939586603852713923913898046260152 7703821063967962054 3914008748836898650107564 507881621114327 6 8950002370634971496 977082869822994709945678435202526 68476784991272168 604198303065074775 39042655971471950195529938620340 217481869418793505904903349619
56
6
30752394354084438877302835977226335241685329937 21630422869022790716 5134418015039186018224358226969663200970042 68190097015768465658505617784540891 884993792156739 8339457735335148235734205
29
7
28086091410648726019777 15758781272255645642882142178584650410502 1163397772267674 12283225684113121999570 5245975089249305114803825061643768 269150011752780212039 4613272378034905461034975816331609145140346943283
32
4
3872994027135941698972586548711602628032232359 123605117648755 1662 820343010649524803204380250114210030163266163
54
7
7151939101967175950708418416768816544276 2214916147028623501676294038018011555284700897 78854375250879942154231071 90181100399374628545617781751 874647822940309630 6032500449818008970142608310989639317321 7872875534
25
4
7938569969127262356147878696491544536388 58921413846833715448 430074169721864031909415306800276 2103888960666501204249559694340766219518855450
16
13
31625 5922108854 697769699735799643025482485129120331716834867825 6946976188085382785827 2884112660 3346576686694530688 85282945812 7497235432 7 1179726576145561158219 25445691499356682757551988781773451059018497782 5355535649986332258593 74600690282824776566275126580
28
12
7075099838836503879620555071 67247262852897371762505 215360243144785037 2600 7262133181195605303001141376301303026255792 94342337315573946188633852669882173945813738792 8097575491660816813009942826358 758853415447674764605413762386 7107 237529920067236011412579242198 2783054523056493044347484289066247643412799528605 382182159241459804110413172181769135375935680
54
14
2849529694188527608 53462029632679609357667749351903371379 306 281432439057680710805466167796811569397315822 848126308767802920777108079686685080103 2528336700307503096817829 634144274156162712458272870705732 65808678008754882525076499985190 1 976560459465346283263228540081422178504806 81752641628076655660 5 5944859579616437396006683413190655 1564507909842
39
14
92639631704082296471815394797504822418950532786 83 53336996611302480088308088260408559942651845 424733194948240110782352440212288037115530 5722350295553032528933769264317843307745500578173 610193749033985782166277290796 552 4126015226662847233390676867789853890848 1462714332218121413076773877108 1049966018664808394275 756106149658 118405954066458522487688548703465 158627275447764140917456568075167119674 41554688416447
62
7
44343228446737946052548 52 823948939590 685223246959327554659375426024081967290 40186432588628558 982135355072102 4218511401493080263991397682614881906582699039039
37
8
535626290870812362102447578416 100863393318438742802 38994555574486347671276337928572 9547907289358298507020650 5351337760921959861844448444986807568 31013558234375947662 15715278160805812788410436549822165424393612913 6386051814159870402023592221240114826386472326
32
15
4677 9556 1144118844237071013125294523339890 565331823455500203442695284471358458605301404 536406234 166387463176730076 1972634865144595868770891200174984372 59409135446993424738459277175 586 48743486847728355061328998 7036117307 31461713060088480483134719593387186336616402659036 5645113 6 6999811505814873394990691087
55
10
27 467212596136646720059539061378362 67880920363959876790785 9602398 760448592704490 479027 8745876541217991192025413942332282190958010417390 466357510265134730276272232723391 852730164 3756684889670070352074401
47
11
307109967569677 41303753635838679623815518665366266165201681 384091488035219901417000536133970546284330975 888056108826902859377282912749614691267210 5248666029188685408 430 90215322342280892933983 9921435461010346053492282620467516415073484668663 7264537461006850 35898299024096751241387854201933350555046779816588 30183481278401475433930450647746170796559989
100
13
87024 75617916260350118553116 44636954081893752590859 961096869733299034042259227404907351006 11962406359570618 6072355593515786249058 323341484984707909649686089 601204901455851 4999739352664884117116851786880 344648095882708838563020910 676099673452228452739100768582321866170928 9174214203208851265325313393 3537239008933278009553104329739
39
12
94569968294928772298015935 9670876093395101427207836009 604508100075670440139 24876868460209427057608315703817945560228787 3331961907580758458126366428169 413419874275623546666940098396176190357719783628 49998208699630638882 251639421435210806856683112408806753630911 42737983411674051 8572452287725489722961127621117670985918713 32997360578282212378657560308182897560745 462314578222911534741
50
13
6701723238422749847128139266195109 84399 276048004304752721977448118395001971257 8439576424091489372112900095408717 94950526293367865751571693432496280843150489 999 7351615425787099656512907133111576 7461443 71509041 59940485244290736045351106131514 790768114361711287201137986611791717062963 987007068527895262481036707684264 7
18
6
8339361945 607315286193904191880991162720455044793 522308800899331331 85746861286912042432228863017499758196802990108700 1114180459693536528124105965901292512443554305 436344025147
72
4
815 77688599774143487780256843247373183 23313421862868 8743313646087137118402198130035166940391860880890
61
2
670964543363925182942121 9541122425254702639570212787
15
7
168471039330095736343489185 7259251986275828629062223422176371227064 71569519125252515986507013907248881 67708487320517980820792107 33232285532284355441338812036686919657820448 85473114507840359010398260283689387 3928200834620387706
46
12
781481676646695823073417377718 2314297877694800 19157 1366 6541094460624 31403917537256754906733664 205500844459305147477823529724134930 46666952 931253895090502491704 8000447783122257299303329558469386 5661791374803483541 925707
12
6
35449873893657647991889324 6532723219353889 918591 119874701698793404435135520984026918283372281142 4028162134735493094754582481443070287703725354 497359524333387
60
4
371498511086375673670467082457134 162141381133480241131078437947326759197596618 49617239389409035196326595279561003 886137
47
15
8366506055971853148 9556578362267316561650910354646584 14843558939206 928309448873027525556963316067293384 7028626222565825121626291 6052 686233764842274737464087204540 71240515197188642054474363903 573796258512224665 1480117 47500289842549263987250917787 63042563408827433744594426042005 5889732 94135 835083264619
76
8
64877684315114520452153191622928563793 2328882142231283396 1356757156707647636151 562556175859827739872660274398034553 71 311965214103041061446376195392995110649867510 867391744781127798943477827016860302 37185080541154926873671776715
5
2
3866832218635355918917250305775474 90
72
2
40764066346678 217534343839869143990690108890053760
55
15
565822587273060693317980815532985984 2762 928297651074 151639568151510 625 9449028868213101242337846 65021407436536738782452562045466352478654 9814 9039657827738137022166 40439497121028035 2479 815181518993291934700590298333069 490189208156124868903567589 5169843065862756529738750 1982777807299088754970733253921909871
22
10
8202291754634894041806540652177 8593908858011474856983211368474044437419015 1637699024805091030047556197250784 5131477415585806900840161593496231 9178496957700723874 6108229144045645 38500948196175427 7903 96572484207434057398855850 94204110601636203797944530529769374233826591765
89
15
47017515274740904638823 1401575620985359896013242442737415167 207472106150393192003074371223018 554063 500934244 283362 5854340152626101 35939961435 1859982583980 24279394359957059247674 258004209941 2168406659144808254070621856558976704013 84465341062867102672062632582989047443 6177635705683088632032401318339474898833574227964 3096881353249375210824997050378055447
49
5
5036366554084092870337685876644229689492527540049 9222676204678244469215236625676 6519650621480335049108146581384460164 5941454547075225725 168076333475266944214207276667100443414114378980
58
13
635239941112092712122474253027661464802 5157623199453627602873233538478028735991159 9063834878 19460756634 43632737892607088323131312592413325827485904412536 5580402513565231959045 668627295330581952 34999410 78022759057874 979976177600847020774651368676658448559284 84273179331996374318786400264988 174561267549623060065 4805957598774313767681257
35
13
282559110867977022503287 8545079367569415657477702854 91191649060009384151891 77657502041740478978833571957378 58435624 96125951468109144961804826 19869301402826425321621312698872932082723 542 487941055054861996403843256319349416643378 24191782174178454 72452483337332568778901 18013846223444 90063484639164700901150037437
38
2
89122589441512506659332 99837948383142851169
25
12
13744258635002262154027603377 1737718 66987309530840630088507123756060291491197 75503756637303381 134430437328835031241163426788377 764924300290731531014 87080696092352833093683976231981324 882907221312077472477 360881248585 8148018376990798923205209033482244797999 330515137023497037627479805190011248061 904033273903389
45
8
38025597304033100067589613777128 9 217008514043546400406718258538900917521154 892430014184495702365217011471047678 31454925640720077483493601751516729829996926588 807617783128549374827667705551517369924736124377 607432665895731909482 1261005244186135381224
25
9
9816835094354881675940107196017321032209473940751 78809174744 486690 906768630089088256591771745929607 329490777772028208351393596010968309373994406647 571549598561892582262174 874134551 4421594672810838889805750842467504 89931554299618295509524432187
84
7
9807393169993734547172697697493169080 2852585547 2093277991 997746607382924326809773174297068218131 430306602929586356132299543 2777469115637348007155353793367453478423 52940470913076288718099279522940422203449242267133
83
6
1047340526392970845033186 34102063604797997361847753466 3575613028070126224 343529899747181804168600212878477446459683996 522277695759203554 362002758845028750502275877434304002
29
6
3337507819204269882213063089676001 3698407712721335511979900903290369459766701799880 54222550665804787379434916882286988346419288896 779676133138107223 739200601177179268 4243620428511592
5
13
4551093896468237015024 1677302088408237907253419691871691673246012330995 253730743057705988105227996998025036014975236850 4 2454354070977926125733174570741785 546543958114653803889613958350 2289778 29587280459964533 13724426114673865300433990468103864217262626165357 138422334450878009293197439246745896751713815089 380941621888718260336157384663437108 3020251057345645 331097164455
90
3
9556139984607348930080969746373972241597486284492 2217169868216568705807014107889993645 7330
37
8
1698062859789 7400836617786759845598701035941 327555905624975617320329416443559675703587 10220074852026151245926191491505552558 73725490619596594973539527971135219711621026980987 7540 7347817397594950 234757132863403150384743537950155702760059
40
5
836080020125049249145885 6026 24830935372971662249906664099592998 71709435810956404892926048762489027555625 382806329238193919752062351989
45
13
574 1 73620142650244555949770946707653 4870739157 6556093213228617063873 8442 96979 80872737902226554576 7829195 10719517099534710678026706813360950 9768576320733888186597188398 28483057596881596765578899382172 15929
3
4
5614139256969688676997000098 152137973640676 23724 115683706475
22
4
4534246695352548939576375410207 55194088857 86564165 79324063749431
61
4
73934295133575482 12 735981765677923451371318790790401793933258787338 337847
86
2
55050060578750642579526787278088320890393984 6587159916359609784716899742987651
48
13
7158888399005011314502889482832 534255292515090672127501414660827452135015 545466336579083600369652744882851361210048 9322059755227018584259071875138847 187587767753488331576512221845953 1458087240224456627408136453510 513 2611408894937307629976 59823065516939829478008720549926623639082 95829034302056953736214797978353 20618419317 1592293835061933 9691475785787962015732595112904830762373603031681
25
15
5536636856899985137555794466368536125 6058627831046099902031858069711533372334190 469837573220604646639803225741292797800 831259389884574236875758395560467 79982 43063265261910415374203514414365561448285148875598 755519722323521199583851 9461161318375089158 16833860644691621666424812618 7288726461127601974 1498482977234890678184862407 71525 23127136922526 89906107 78368844304159952866
47
1
395999764151312
58
15
76669293368138251477776273961034178606609426 37667757873543921035317983786518913408120584712 3891722117065022353 168028344957564869855210596242198571 15795813898427022890246928514124719554268437136606 88537494 94264356 637572 152211095608642054901983347239669799345 545 89413 5034356229 111787209755680533168771780917364712729142 9829085290056872092943792 4631319187972237481572063835
61
1
5288841832081
69
13
367458591682788961729919 81700657498 27197757199362214073908612540031123165082414349054 2941691299049424967106873093385365678969684 762617461999547604 40060846613947655444143991103773482800 13165 4980874307593214496273108733689857 54412302978503949302749884 8990674099202207780474204337196633112596851302291 9 6659606435564 3069874826276554376135795060325917260166606
61
15
254614472902769668680464188530176298 4869045743635551518900789816327570449 6099344641856574932375632651182660199515 48971604011712279116470008924 3283699048600820948914677665970492834370018 720559197389512229533277173358 36800647931 6576406185 60013078099196198721813160867961205981 69573804507119332612660313181 853866872944260 65678890202763584379097046238172937 831389664884126460 73549895647356642171779062280 735627323560871821053610357001892663631658
33
4
8981994197364 5362787461978 21806599292997076473281069009321638725883182710115 9371029855163595757932419206209
2
5
39631626777749458295090594 1893515 11819217509746229057128939590812477 4814750386399265755013756 3577091789146
21
9
8492293780401930663377446088089047539 283915628457070212349362 37964534348138606485847499341867651161023206 63974472440855339226741609468358327458 42793811402038817245445011872885704325 925 55276247382 6609 9343379520295820773971583
79
11
419018722820257129914434199736155035257 590833202016614808718 38692870768476766415955503269246365828258 42722118556659298668299101632525447884973227 44599757 35966 32 63829011526534106130867276 478848826694082 1827488530738657725284818279691525056599184410726 337150314819479453847518041646878531899332042
67
6
713601168887 252991944669140 70602311791278345705104740726367395694145416 761729 386590556833896887190391658541907717476811945 5919058845144309345441256972
1
14
6727869 327173034899797198080957925672307368256360508 35657569098549247872468117294453932587067 1407 1203852351496170856196624502712639 49030353909659229973121398641 7643615548770411079919669595702395535083211509724 495830312923822187735763378875580 90827996315615172146648833119901647298158464 673581629543242651428827608119525573093 1554176 716641531679462535376442612722440614 5866104288791417760080771012846081940 22249381
64
13
9145903322726260401442394849600423007884 2831278853823 8104417 22 24520166452393075638 9139316107303094582375959414663468423438213098118 51680540 317264708037504949687478300551350920411173340095 26936902341778005339520254976177 111101457614154422292382611 1076369761178712865 2219425466993248645633040802432371031430445 712476938942856539664942106158555619
93
15
35596674349275411469189022 340968493155740731656916560338335202627 9356977561914018 162854094613869020427321648348013165902938542 346136 5299577330728293114214693 72776082456752810233343731225 2809079065074626552 1870167 7004116378939921 56770978932057225943373489924356974716 10816114870948361629497812 2776802152696817889385641399428181653 39871854763306138973632717302897671304547 845838306789786765
87
8
64868943701084390673008398615180731526954780498 9424271273117798274445591 7428407819136 17 9406761877620232646349705643097905 6150907487293195756077959931164372 998110069951873697153162191000391957 2947795090574536234503713302803100075047688
63
